a rose 8, 209, 708, 409, 109, 808, 609, 509
act 36, 236, 737, 436, 135, 337, 833, 539, 636
better days 749, 146, 548, 645
borrow 137, 340, 835, 34, 434, 132, 634, 331, 234
cheat 532, 227, 27, 127, 825, 728, 427, 327, 628
coward 5, 205, 705, 405, 105, 803, 505, 605
devil 43, 443, 143, 347, 841, 244, 644, 546
dream 4, 704, 404, 104, 802, 204, 504, 304, 604, 22, 722, 420, 623, 221, 310
fool 26, 727, 425, 126, 824, 627, 226, 326, 526, 24, 224, 725, 423, 124, 822, 625, 524, 324
good 9, 707, 408, 807, 608, 208, 305, 508
heart 32, 733, 432, 718, 538, 830, 232, 635
life 207, 7, 407, 107, 805, 607, 832, 523, 23, 724, 422, 223, 624, 111, 307
love 17, 222, 723, 421, 114, 811, 613, 522, 312, 719, 14, 116, 315, 814, 615, 517, 736, 134, 334, 527, 319, 13, 714, 412, 213, 815, 19, 119, 320, 816, 620, 413, 214, 321, 513, 717, 16, 120, 818, 514, 218, 417, 519, 713, 11, 113, 810, 612, 212, 512, 10, 712, 411, 313, 511, 211, 813, 15, 215, 716, 414, 117, 316, 616, 516, 12, 311, 617, 520, 18, 416, 118, 518, 819, 619, 217, 318
man 20, 720, 418, 121, 820, 219, 322, 621
self-love 133, 831, 543, 332
think 41, 639, 241, 742, 441, 843, 343
tongue 242, 338, 839, 545, 442, 42, 640, 743
true 534, 28, 228, 428, 128, 826, 629, 328
wit 6, 106, 706, 406, 804, 606, 206, 507, 306
words 246, 144, 348, 842, 643, 445, 140, 837, 39, 740, 439, 239, 344, 40, 240, 741, 440, 141, 345, 838, 646, 544, 44, 245, 745, 444, 142, 346, 840
world 35, 435, 235, 610